5000 5000 1
136 3564 2
8912 1454 1
6958 9602 3
8484 8710 2
1135 2341 3
8086 2450 1
2607 3864 3
8983 3523 1
373 8428 2
8301 6903 3
1480 6385 2
9906 4922 3
4893 197 3
8056 6937 2
3413 3603 2
9891 6094 1
5781 9078 1
8895 865 1
443 3017 3
8152 3464 3
6055 7725 2
810 83 3
8394 8815 3
5431 8628 1
3392 2728 1
7309 3710 2
1793 5262 2
9482 5335 3
2333 7481 1
7057 5647 2
7016 8334 3
6466 2677 3
8093 2747 1
558 2157 3
4288 7352 3
277 905 1
1458 1606 2
5874 2576 1
6535 6025 1
4326 39 1
6909 9216 2
8464 6911 2
8123 8710 3
6592 139 2
9145 7932 3
1702 2219 1
3884 2991 1
4908 9369 1
4823 7509 1